222370
117979
426387
-212557694_429012
426249
222149
221968
71670
39811
73984
71705
426306
428517
74020
426372
84378
222992
426370
-207458728_39643
426381
51167
426396
222159
-212646150_10926
53491
-212646150_10924
222444
428539
-212557694_429008
71679
222389
53490
428010
-212646150_10920
223074
39814
-212646150_10914
222443
426264
222388
222435
428475
428018
71699
222841
426254
74014
426406
222454
426256
51164
222433
71698
-212557694_428894
426378
74006
-212646150_10922
428008
51195
222427
73988
222644
-212557694_429002
-207458728_39644
426267
426364
428525
13784
-212557694_428927
222460
222396
426390
428043
426304
73994
222392
2796
222384
222426
51162
222374
222145
222446
39557
-212557694_428887
426279
222438
222385
426369
-212557694_428891
74012
222459
426405
-212557694_429005
117989
428536
426238
428544
222382
222447
222451
193003
223013
222457
426398
222631
74010
426366
-212557694_429003
39780
222378
-207458728_39640
74008
73986
39786
13794
222993
84383
68675
39782
53492
221594
-212646150_10925
426297
2789
428033
426404
117977
71704
222450
426242
13786
-212557694_428900
222153
84362
222461
426383
223005
222654
222167
51200
13780
222643
428015
223014
221593
222449
-212646150_10917
426373
426401
222434
-212557694_428924
222379
222468
74000
-212646150_10921
426399
74002
-210751544_84708
84361
428180
53485
428020
426374
39787
222375
-212557694_429007
73990
222439
222376
51199
222652
426397
71686
221590
222380
222387
221584
428016
428182
426228
426307
426284
222432
53488
426368
51182
426365
221583
221586
39555
426216
426385
222395
-212557694_429011
71669
-212646150_10918
222655
426382
426253
222425
428009
3953
39551
428007
84360
71708
222456
222154
222465
39552
222393
84379
40053
426362
222430
426305
-207458728_39649
222445
223012
426251
222381
221588
-207458728_39642
-212646150_10913
428177
428178
426371
39783
222998
222464
222436
427311
-207458728_39648
222386
3954
427326
222429
427327
-207458728_39645
222431
222466
221591
117978
222462
428524
53487
428545
222463
74022
3952
426400
74018
117976
222371
222452
426290
222151
74004
222458
426302
73996
-210751544_84706
426261
222394
84380
-210751544_84709
222164
222437
222428
-212646150_10916
222158
222467
223007
3959
222453
223015
53489
53493
39799
222646
117987
426250
222448
221585
426377
53494
68672
426384
-212646150_10919
426395
221592
-207458728_39639
73998
222640
51161
426224
71674
428181
-210751544_84711
222441
426230
51180
39781
117986
-212646150_10915
71678
426389
86899
-210751544_84710
222440
230835
428477
426282
-207458728_39641
426380
-210751544_84707
22092
222659
426363
2793
426274
222639
426403
39550
222990
71672
74026
428019
426393
426259
-212646150_10927
426308
426402
222391
426394
426367
426379
428192
74016
428190
428022
71676
222166
426375
222369
53486
428533
-212646150_10923
222383
3961
426248
222354
426392
51163
222455
71709
222469
222377
117988
222147
39798
53484
39549
428519
426376
2798
-212557694_429004
86883
192995
222442
-210867440_10966
222390
73992
-212557694_428886
428179
-210751544_84712
51175
